0 0
1 0
2 0
3 0
4 67
5 134
6 67
7 134
8 202
9 67
10 67
11 67
12 0
13 0
14 0
15 67
16 67
17 67
18 67
19 67
20 67
21 67
22 269
23 134
24 67
25 67
26 67
27 67
28 0
29 67
30 269
31 269
32 67
33 0
34 0
35 0
36 0
37 0
38 67
39 269
40 134
41 0
42 0
43 67
44 134
45 67
46 0
47 0
48 0
49 0
50 0
51 67
52 269
53 337
54 67
55 0
56 0
57 269
58 404
59 134
60 0
61 -67
62 0
63 202
64 943
65 809
66 134
67 67
68 134
69 404
70 2022
71 13146
72 17596
73 5595
74 404
75 741
76 4719
77 6135
78 1955
79 269
80 269
81 337
82 539
83 539
84 269
85 269
86 269
87 269
88 134
89 67
90 67
91 67
92 67
93 269
94 337
95 337
96 337
97 269
98 269
99 269
100 337
101 606
102 674
103 269
104 269
105 269
106 269
107 269
108 202
109 202
110 134
111 134
112 134
113 202
114 269
115 404
116 741
117 674
118 269
119 674
120 3236
121 3640
122 1078
123 539
124 674
125 674
126 3708
127 6472
128 3505
129 741
130 269
131 202
132 404
133 3370
134 6607
135 3370
136 404
137 134
138 67
139 269
140 269
141 269
142 337
143 741
144 6404
145 20023
146 16113
147 2359
148 539
149 269
150 269
151 202
152 202
153 337
154 741
155 741
156 269
157 202
158 269
159 269
160 269
161 809
162 2764
163 4449
164 2629
165 674
166 471
167 404
168 539
169 1078
170 2224
171 3236
172 2157
173 1078
174 943
175 809
176 809
177 809
178 741
179 674
180 539
181 539
182 471
183 404
184 741
185 2696
186 3438
187 2629
188 2359
189 1078
190 539
191 1146
192 6202
193 7483
194 2427
195 471
196 337
197 337
198 337
199 337
200 269
201 337
202 539
203 3033
204 6067
205 3640
206 674
207 337
208 876
209 1213
210 741
211 269
212 269
213 269
214 269
215 269
216 1887
217 3775
218 2561
219 471
220 269
221 269
222 404
223 1213
224 1280
225 539
226 337
227 471
228 404
229 337
230 337
231 539
232 539
233 337
234 269
235 269
236 539
237 539
238 539
239 404
240 404
241 337
242 674
243 2966
244 10719
245 10854
246 3101
247 809
248 539
249 539
250 404
251 337
252 674
253 741
254 606
255 674
256 809
257 943
258 1146
259 5123
260 8292
261 4651
262 1685
263 1550
264 1078
265 674
266 606
267 943
268 1078
269 741
270 539
271 674
272 741
273 539
274 606
275 809
276 943
277 741
278 606
279 2561
280 3910
281 2090
282 674
283 809
284 2899
285 26900
286 31619
287 32766
288 31350
289 31619
290 18135
291 1483
292 1146
293 606
294 539
295 606
296 606
297 1280
298 1752
299 1011
300 404
301 269
302 269
303 337
304 539
305 539
306 6135
307 22248
308 21034
309 4112
310 1752
311 3303
312 2157
313 404
314 269
315 202
316 134
317 134
318 134
319 269
320 269
321 269
322 269
323 269
324 269
325 741
326 1752
327 11596
328 26765
329 27237
330 24068
331 23192
332 11528
333 4449
334 3640
335 943
336 539
337 539
338 337
339 404
340 674
341 1078
342 2831
343 3303
344 1483
345 674
346 606
347 674
348 606
349 943
350 8022
351 14090
352 7820
353 1213
354 741
355 606
356 539
357 741
358 1752
359 1685
360 674
361 404
362 404
363 674
364 6404
365 15439
366 11798
367 5123
368 5393
369 2224
370 404
371 269
372 269
373 269
374 269
375 471
376 943
377 741
378 337
379 269
380 269
381 269
382 269
383 269
384 269
385 269
386 539
387 606
388 539
389 1280
390 15304
391 28383
392 21911
393 3573
394 404
395 269
396 269
397 269
398 269
399 809
400 876
401 337
402 67
403 134
404 134
405 202
406 202
407 134
408 67
409 67
410 134
411 809
412 1955
413 1550
414 471
415 674
416 1213
417 1011
418 606
419 539
420 539
421 539
422 471
423 269
424 269
425 269
426 269
427 404
428 1415
429 2561
430 1887
431 606
432 539
433 606
434 674
435 674
436 539
437 404
438 337
439 404
440 404
441 337
442 269
443 337
444 1146
445 2696
446 2292
447 471
448 269
449 269
450 269
451 269
452 269
453 269
454 269
455 269
456 269
457 269
458 269
459 269
460 1078
461 2696
462 2494
463 1685
464 3236
465 3236
466 2629
467 2359
468 1280
469 3101
470 4045
471 2090
472 471
473 269
474 269
475 269
476 337
477 1078
478 1483
479 1011
480 337
481 269
482 337
483 337
484 404
485 337
486 337
487 337
488 539
489 539
490 337
491 337
492 337
493 1213
494 3910
495 4180
496 2022
497 1213
498 606
499 337
500 404
501 809
502 1550
503 1415
504 3303
505 9101
506 8225
507 1955
508 741
509 539
510 337
511 337
512 337
513 337
514 471
515 1280
516 3910
517 4180
518 1483
519 539
520 539
521 471
522 539
523 539
524 404
525 471
526 606
527 674
528 539
529 471
530 539
531 404
532 337
533 404
534 404
535 404
536 337
537 337
538 337
539 337
540 337
541 404
542 539
543 539
544 539
545 606
546 1078
547 1348
548 3573
549 10854
550 11798
551 4247
552 943
553 404
554 471
555 337
556 269
557 269
558 1146
559 2224
560 2359
561 3101
562 3168
563 1348
564 3842
565 7416
566 5258
567 809
568 2292
569 3977
570 2764
571 539
572 1483
573 4045
574 3640
575 809
576 1618
577 10247
578 13146
579 5730
580 471
581 269
582 337
583 337
584 471
585 1550
586 1820
587 674
588 269
589 337
590 202
591 202
592 539
593 471
594 202
595 67
596 67
597 67
598 67
599 67
600 269
601 202
602 269
603 269
604 269
605 134
606 269
607 2022
608 2899
609 1887
610 1280
611 1280
612 471
613 269
614 1146
615 9303
616 27237
617 27574
618 24675
619 23259
620 8629
621 674
622 876
623 471
624 67
625 67
626 67
627 67
628 67
629 67
630 67
631 67
632 67
633 67
634 67
635 202
636 1078
637 1483
638 1011
639 606
640 1011
641 943
642 404
643 876
644 2494
645 3168
646 2224
647 1550
648 1146
649 943
650 809
651 1011
652 2090
653 2359
654 1483
655 1078
656 1550
657 2494
658 2224
659 471
660 67
661 67
662 202
663 404
664 337
665 269
666 67
667 67
668 539
669 1483
670 2224
671 1483
672 337
673 337
674 606
675 1078
676 1011
677 471
678 337
679 539
680 404
681 269
682 269
683 269
684 269
685 269
686 269
687 269
688 269
689 269
690 269
691 269
692 269
693 404
694 606
695 471
696 269
697 269
698 269
699 202
700 269
701 269
702 269
703 269
704 134
705 134
706 67
707 134
708 67
709 67
710 67
711 67
712 67
713 67
714 202
715 337
716 337
717 471
718 1550
719 1752
720 876
721 134
722 67
723 67
724 67
725 67
726 67
727 67
728 67
729 67
730 67
731 67
732 67
733 269
734 269
735 134
736 67
737 67
738 0
739 0
740 0
741 0
742 0
743 0
744 67
745 67
746 269
747 1415
748 4719
749 4921
750 1752
751 67
752 202
753 539
754 674
755 471
756 337
757 269
758 269
759 269
760 539
761 539
762 471
763 337
764 269
765 269
766 67
767 67
768 67
769 67
770 67
771 269
772 269
773 134
774 67
775 269
776 1213
777 4719
778 5595
779 2629
780 337
781 202
782 67
783 67
784 67
785 269
786 606
787 876
788 876
789 539
790 404
791 1078
792 2292
793 2696
794 1550
795 674
796 67
797 67
798 67
799 202
800 539
801 606
802 269
803 67
804 67
805 67
806 67
807 67
808 0
809 67
810 0
811 0
812 0
813 0
814 0
815 0
816 0
817 0
818 67
819 404
820 539
821 337
822 67
823 0
824 0
825 0
826 0
827 0
828 0
829 0
830 0
831 0
832 134
833 1618
834 2899
835 2292
836 539
837 269
838 202
839 0
840 0
841 0
842 0
843 0
844 0
845 0
846 0
847 0
848 0
849 0
850 0
851 0
852 0
853 0
854 0
855 0
856 0
857 1348
858 5393
859 7011
860 4854
861 1955
862 539
863 67
864 0
865 0
866 67
867 134
868 741
869 5191
870 8292
871 6135
872 1415
873 1685
874 2090
875 1280
876 134
877 0
878 0
879 0
880 0
881 0
882 0
883 0
884 0
885 0
886 0
887 0
888 0
889 0
890 0
891 0
892 0
893 0
894 0
895 0
896 0
897 0
898 0
899 0
